1
80 192 0 0
1 3
1 1003
3 1003
1 9
1 1009
9 1009
1 12
1 1012
12 1012
1 14
1 1014
14 1014
1 15
1 1015
15 1015
2 3
2 2003
3 2003
2 6
2 2006
6 2006
2 7
2 2007
7 2007
2 8
2 2008
8 2008
2 10
2 2010
10 2010
2 11
2 2011
11 2011
2 12
2 2012
12 2012
2 13
2 2013
13 2013
2 14
2 2014
14 2014
2 15
2 2015
15 2015
2 16
2 2016
16 2016
3 5
3 3005
5 3005
3 7
3 3007
7 3007
3 8
3 3008
8 3008
3 10
3 3010
10 3010
3 12
3 3012
12 3012
3 13
3 3013
13 3013
4 5
4 4005
5 4005
4 7
4 4007
7 4007
4 8
4 4008
8 4008
4 10
4 4010
10 4010
4 11
4 4011
11 4011
4 13
4 4013
13 4013
4 15
4 4015
15 4015
4 16
4 4016
16 4016
5 7
5 5007
7 5007
5 8
5 5008
8 5008
5 9
5 5009
9 5009
5 11
5 5011
11 5011
5 13
5 5013
13 5013
5 15
5 5015
15 5015
5 16
5 5016
16 5016
6 9
6 6009
9 6009
6 10
6 6010
10 6010
6 13
6 6013
13 6013
6 14
6 6014
14 6014
6 16
6 6016
16 6016
7 10
7 7010
10 7010
7 11
7 7011
11 7011
7 12
7 7012
12 7012
7 13
7 7013
13 7013
7 15
7 7015
15 7015
8 13
8 8013
13 8013
9 10
9 9010
10 9010
9 11
9 9011
11 9011
9 14
9 9014
14 9014
10 11
10 10011
11 10011
10 12
10 10012
12 10012
10 13
10 10013
13 10013
10 15
10 10015
15 10015
10 16
10 10016
16 10016
11 12
11 11012
12 11012
11 14
11 11014
14 11014
12 13
12 12013
13 12013
12 15
12 12015
15 12015
13 15
13 13015
15 13015
14 15
14 14015
15 14015
14 16
14 14016
16 14016
15 16
15 15016
16 15016
