3
13 21 0 0
1 2
1 3
1 1002
1 1003
2 3
2 4
2 1002
2 2003
2 2004
3 5
3 1003
3 2003
3 3005
4 5
4 4006
4 2004
4 6
4 4005
5 3005
5 4005
6 4006
19 36 0 0
1 2
1 6
1 7
1 1002
1 1006
1 1007
2 3
2 7
2 1002
2 2003
2 2007
3 4
3 7
3 2003
3 3004
3 3007
4 4005
4 4007
4 7
4 3004
4 5
5 4005
5 6
5 7
5 5006
5 5007
6 7
6 5006
6 1006
6 6007
7 4007
7 6007
7 1007
7 2007
7 5007
7 3007
80 192 0 0
6016 16
6016 6
1 3
1 9
1 1003
1 12
1 14
1 15
1 1009
1 1012
1 1014
1 1015
2 3
2 6
2 7
2 8
2 10
2 11
2 12
2 13
2 14
2 15
2 16
2 2003
2 2006
2 2007
2 2008
2 2010
2 2011
2 2012
2 2013
2 2014
2 2015
2 2016
3 3008
3 3010
3 3012
3 5
3 7
3 8
3 10
3 1003
3 12
3 13
3 2003
3 3013
3 3005
3 3007
4 4016
4 4011
4 5
4 7
4 8
4 4013
4 10
4 11
4 13
4 15
4 16
4 4008
4 4007
4 4015
4 4010
4 4005
5 5008
5 4005
5 7
5 8
5 9
5 11
5 13
5 15
5 16
5 5009
5 5011
5 5013
5 5015
5 5016
5 5007
5 3005
6 9
6 10
6 13
6 14
6 16
6 2006
6 6009
6 6010
6 6013
6 6014
7 7015
7 4007
7 10
7 11
7 12
7 13
7 15
7 7011
7 2007
7 7012
7 7013
7 5007
7 7010
7 3007
8 3008
8 4008
8 13
8 8013
8 5008
8 2008
9 5009
9 10
9 11
9 14
9 1009
9 9010
9 9011
9 9014
9 6009
10 11
10 12
10 13
10 15
10 16
10 10011
10 10012
10 10013
10 10015
10 10016
10 4010
10 9010
10 3010
10 2010
10 7010
10 6010
11 7011
11 11014
11 10011
11 4011
11 12
11 14
11 5011
11 11012
11 9011
11 2011
12 3012
12 10012
12 13
12 15
12 1012
12 11012
12 7012
12 12013
12 2012
12 12015
13 6013
13 13015
13 4013
13 15
13 5013
13 7013
13 12013
13 8013
13 2013
13 10013
13 3013
14 14016
14 9014
14 15
14 16
14 11014
14 6014
14 1014
14 2014
14 14015
15 13015
15 15016
15 5015
15 4015
15 16
15 7015
15 12015
15 1015
15 10015
15 14015
15 2015
16 2016
16 15016
16 4016
16 5016
16 14016
16 10016
